Mot1	Mot2	Mot3	Mot4	Mot5	Mot6	Tsample=3ms
0	0	0	-15872	0	0	
0	-15872	0	0	0	0	
0	0	-15872	0	0	0	
0	0	0	0	0	0	
0	0	0	0	0	0	
-12	10	9	-12	-9	13	
-27	1	17	-27	-19	31	
-35	33	24	-36	-29	46	
-41	-15834	26	-35	-28	49	
-41	38	26	-35	-28	49	
-41	1	26	-35	-255	49	
-41	38	26	-35	-28	49	
-41	38	26	-35	-28	49	
-43	35	27	-37	-29	54	
-43	35	27	-37	-29	-15818	
-43	35	27	-37	-15645	54	
-43	35	-15845	-37	-29	1	
-43	-15837	1	-15653	-29	-15871	
-42	34	-15845	-40	-27	-15818	
-54	42	32	-48	-36	1	
-65	50	36	-57	-44	1	
-80	59	38	-67	-56	115	
-95	70	38	-77	-66	139	
-15728	-15791	36	-89	-78	165	
-124	89	36	-98	-88	186	
-139	99	36	-108	-99	209	
-152	108	36	-117	-108	229	
-164	117	36	-127	-15734	250	
-180	-15745	36	-138	-130	274	
-196	138	36	-150	-142	300	
-213	1	36	-162	-154	327	
-213	148	36	-162	-154	327	
-213	148	36	-162	-154	-15801	
-213	148	36	-162	-154	327	
-213	148	-15836	-162	-255	327	
-216	148	35	-165	-156	332	
-227	155	39	-173	-255	349	
-243	166	41	-185	-177	375	
-259	177	40	-196	-189	399	
-273	187	39	-206	-199	421	
-287	197	39	-215	-208	441	
-303	208	38	-226	-221	466	
-317	217	37	-236	-232	489	
-332	229	35	-247	-244	513	
-348	239	35	-257	-254	536	
-364	249	34	-269	-266	561	
-379	260	33	-278	-276	584	
-383	262	34	-281	-280	592	
-383	262	34	-511	-280	-15792	
-383	262	1	-281	-280	592	
-383	262	34	-281	-280	-15792	
-383	262	34	-281	-280	513	
-382	259	33	-281	-282	-15793	
-382	259	-15839	-281	-282	513	
-382	259	33	-281	-282	-15793	
-382	259	33	-15641	-15642	-15871	
-382	-15869	-15871	-511	-511	591	
-382	260	-15839	-15640	-15641	592	
-392	267	40	-288	-289	607	
-405	276	43	-297	-299	626	
-15781	286	45	-308	-15671	648	
-435	295	44	-317	-320	667	
-448	-15823	43	-326	-15689	688	
-464	315	41	-337	-340	713	
-477	323	40	-346	-349	-15650	
-490	257	39	-355	-358	753	
-505	342	38	-366	-370	777	
-523	354	37	-378	-383	805	
-540	366	37	-390	-395	832	
-555	375	37	-15761	-405	855	
-15659	376	37	-402	-405	855	
-555	376	1	-402	-405	855	
-15659	376	-15835	-402	-405	855	
-555	257	1	-511	-405	769	
-555	376	38	-15761	-406	854	
-555	376	38	-401	-406	854	
-555	376	38	-401	-406	854	
-555	376	38	-401	-511	854	
-555	-15752	38	-511	-406	854	
-555	376	38	-401	-15766	854	
-563	-15753	43	-412	-15759	860	
-563	375	43	-412	-399	860	
-15667	375	43	-412	-399	769	
-15667	375	43	-15772	-399	860	
-563	375	43	-15772	-511	860	
-563	375	-15829	-412	-399	860	
-563	375	43	-411	-398	859	
-563	375	43	-15771	-398	859	
-563	375	1	-411	-398	-15781	
-15667	375	-15829	-411	-398	859	
-563	-15753	-15829	-15771	-15758	859	
-564	375	-15829	-411	-400	858	
-564	375	43	-411	-400	858	
-564	375	43	-411	-511	858	
-564	375	43	-511	-15760	858	
-564	375	-15829	-411	-400	858	
-564	375	43	-411	-15760	858	
-566	377	43	-414	-400	858	
-566	377	43	-414	-400	858	
-566	377	43	-414	-400	858	
-566	377	43	-414	-400	858	
-566	377	43	-414	-511	769	
-566	-15751	43	-414	-400	858	
-566	378	43	-511	-402	859	
-566	378	43	-414	-402	859	
-566	378	43	-414	-402	859	
-566	378	43	-414	-402	859	
-566	378	1	-414	-402	859	
-566	378	43	-414	-402	859	
-575	384	1	-421	-413	877	
-591	396	43	-433	-425	904	
-607	408	43	-444	-436	928	
-620	418	43	-454	-446	951	
-637	430	43	-511	-457	769	
-650	-15688	43	-473	-465	997	
-15767	449	43	-483	-473	1017	
-678	461	43	-511	-483	1041	
-15795	471	43	-503	-493	1063	
-707	484	43	-514	-504	1089	
-722	494	43	-524	-514	1110	
-736	504	1	-535	-525	1133	
-741	513	43	-543	-523	1138	
-741	513	43	-15647	-523	1138	
-741	513	43	-543	-523	1138	
-741	513	43	-543	-523	-15758	
-741	-15871	43	-543	-523	1138	
-741	510	43	-548	-523	1136	
-741	510	43	-548	-523	1136	
-741	510	43	-548	-523	1136	
-15845	510	43	-15652	-15627	1136	
-741	510	43	-548	-767	1136	
-15845	510	43	-15871	-15627	1136	
-743	510	43	-550	-525	1137	
-743	510	43	-550	-525	1137	
-743	510	43	-550	-525	1137	
-743	510	43	-550	-525	1137	
-743	510	-15829	-550	-15629	1137	
-743	510	43	-550	-525	1137	
-15847	-15617	43	-552	-523	1136	
-743	511	43	-552	-523	1136	
-743	511	43	-552	-523	1025	
-743	257	43	-552	-767	1136	
-743	511	1	-15656	-767	1136	
-15847	-15617	1	-552	-15871	1136	
-744	-15871	43	-553	-15626	1134	
-744	513	43	-553	-522	1134	
-744	513	-15829	-15657	-522	1134	
-744	513	43	-553	-522	1134	
-744	513	1	-767	-522	-15762	
-744	513	1	-553	-767	1134	
-745	516	43	-553	-522	1138	
-745	516	43	-553	-522	1138	
-15849	516	43	-553	-522	-15758	
-745	516	43	-553	-522	1025	
-745	-15868	1	-553	-522	1138	
-745	516	43	-553	-522	1025	
-742	517	43	-556	-523	1138	
-742	517	1	-556	-15627	1138	
-742	517	43	-767	-523	1138	
-742	517	1	-556	-523	1138	
-742	517	43	-556	-523	1025	
-742	513	43	-556	-523	1138	
-15852	518	-15829	-15665	-523	1137	
-748	518	-15871	-561	-15627	1137	
-15852	518	43	-561	-523	1137	
-748	518	-15829	-15871	-523	-15759	
-748	518	-15829	-15665	-523	1137	
-748	518	1	-561	-523	1137	
-748	518	43	-562	-524	1138	
-748	518	43	-562	-524	-15758	
-748	518	43	-562	-524	1138	
-748	513	1	-767	-15628	1138	
-748	518	-15829	-562	-15871	1138	
-748	518	1	-562	-524	1138	
-747	517	43	-767	-522	1139	
-747	517	43	-562	-522	1139	
-747	517	43	-562	-522	1139	
-747	517	43	-562	-522	1139	
-746	518	43	-561	-522	1140	
-746	518	43	-15665	-522	1140	
-746	518	43	-561	-522	1140	
-746	518	43	-561	-15626	1140	
-743	519	-15834	-562	-519	1138	
-743	513	38	-562	-519	1138	
-743	519	38	-562	-767	1138	
-743	513	38	-15871	-519	1138	
-743	519	1	-562	-15623	1138	
-743	519	38	-15666	-519	1138	
-745	516	38	-560	-518	1140	
-745	516	-15834	-560	-518	1140	
-745	513	38	-560	-518	1140	
-15849	516	1	-15664	-518	1140	
-745	516	38	-15664	-518	1140	
-749	518	38	-563	-522	1145	
-764	531	38	-574	-15637	1163	
-780	545	38	-586	-544	1180	
-804	565	-15834	-602	-15664	1194	
-826	584	38	-618	-576	1195	
-856	610	38	-15742	-596	1195	
-883	633	38	-657	-615	1195	
-911	657	38	-677	-633	1195	
-936	678	38	-694	-650	-15701	
-959	696	38	-710	-664	1195	
-988	720	38	-730	-684	1195	
-1019	747	38	-751	-703	1195	
-1041	766	1	-766	-717	1195	
-1041	766	38	-766	-717	1195	
-15633	766	38	-767	-717	1195	
-1041	766	38	-766	-717	1195	
-1041	766	38	-766	-717	1195	
-15632	764	40	-768	-718	1195	
-1040	764	40	-768	-718	1195	
-1040	764	40	-768	-767	1195	
-1040	764	40	-768	-718	1195	
-15632	764	40	-15872	-718	1195	
-1040	764	40	-767	-718	1195	
-1042	765	40	-768	-719	1195	
-1071	790	-15832	-789	-738	1195	
-1095	769	40	-806	-755	1195	
-1119	830	40	-822	-772	-15701	
-1147	855	40	-842	-790	1195	
-1175	-15760	40	-861	-808	1195	
-1197	899	40	-877	-823	1195	
-1223	921	40	-894	-842	1195	
-1246	942	40	-911	-857	1195	
-1277	969	40	-931	-877	1195	
-1298	988	40	-947	-892	1195	
-1321	1006	40	-961	-907	1195	
-1349	1030	40	-15829	-927	1195	
-1365	1045	-15832	-992	-938	1195	
-1365	1045	40	-992	-938	1195	
-1365	1045	40	-992	-938	1195	
-1365	1045	40	-992	-938	1195	
-1365	1045	1	-992	-938	-15701	
-1380	1025	40	-1002	-949	1195	
-1406	1082	-15832	-1021	-968	1195	
-1435	1107	40	-1041	-988	1195	
-1464	1132	40	-1061	-1007	1195	
-1486	1152	40	-1077	-1022	1195	
-1511	1174	40	-1093	-1039	1195	
-1539	1025	40	-1113	-1059	1195	
-1560	1219	40	-1128	-1074	1195	
-1590	1245	40	-1149	-1094	1195	
-1617	1269	-15832	-1168	-1112	1195	
-1646	1295	40	-1187	-1130	1195	
-1673	1319	40	-1206	-1148	1195	
-1694	1338	40	-1221	-1163	1195	
-1696	1339	40	-1222	-1164	1195	
-1696	1339	40	-1222	-1164	1195	
-1696	1339	40	-1222	-1164	1195	
-1696	1339	40	-1222	-1164	1195	
-1697	1340	40	-1221	-1166	1195	
-1697	1340	40	-1221	-1166	1195	
-1697	1340	-15832	-1221	-1166	1195	
-1697	1340	40	-1221	-1279	1025	
-1697	1281	40	-1279	-1166	-15701	
-1697	1340	40	-1221	-1166	1195	
-1711	1348	39	-1222	-1168	1195	
-1733	1368	38	-15830	-1183	1195	
-1754	1386	-15835	-1252	-1198	1195	
-1781	1281	36	-15864	-1217	1195	
-1809	1436	36	-1291	-1238	1195	
-1835	1460	1	-1309	-1256	1195	
-1860	1281	36	-1327	-1273	-15701	
-1885	1504	36	-1344	-1290	1195	
-1907	1524	36	-1535	-1306	1195	
-1932	1546	-15836	-1377	-1323	1195	
-1961	1572	36	-1397	-1342	1195	
-1990	1597	36	-1418	-1362	1195	
-2018	1623	36	-1438	-1381	1195	
-2039	1642	36	-1453	-1396	1195	
-2039	1537	36	-1453	-1396	1195	
-2039	1642	36	-1453	-1396	1195	
-2039	1642	36	-1453	-1396	1195	
-2039	-15766	36	-1453	-1396	1195	
-2056	1657	36	-1466	-1406	1195	
-2079	1677	36	-1483	-1422	1195	
-2100	1697	1	-1499	-1436	1195	
-2120	1715	36	-1515	-1452	1025	
-2144	1739	36	-1533	-1468	1195	
-2171	1767	36	-1553	-1485	1195	
-2195	1793	36	-1571	-1502	1195	
-2217	-15846	36	-1587	-1519	1195	
-2240	1842	36	-1603	-1535	1195	
-2259	1865	36	-1616	-1548	1195	
-15848	1887	36	-1631	-1562	1195	
-2305	1917	36	-1648	-1580	1195	
-2331	1945	36	-1667	-1599	1195	
-15667	1971	36	-1683	-1616	1195	
-2381	1999	36	-1701	-1633	1195	
-2407	-15638	36	-1720	-15732	1195	
-2427	-15617	36	-1734	-1668	1195	
-2456	2073	36	-1753	-1688	1195	
-2469	2085	36	-1762	-15778	1195	
-2469	2085	36	-1762	-1698	1195	
-2469	2085	36	-1762	-1698	1195	
-2469	2085	36	-1791	-1698	1195	
-2469	-15835	36	-1762	-1698	1195	
-2470	2089	36	-1760	-15871	1195	
-2470	2089	36	-1760	-1701	1195	
-2470	2089	36	-1760	-1701	1195	
-2470	2089	36	-1760	-1701	1025	
-2470	2089	36	-1791	-1701	-15701	
-15782	2089	36	-1760	-1791	1195	
-2470	-15831	36	-1761	-1702	1195	
-2470	2089	36	-1761	-1702	1195	
-2470	2089	36	-15841	-1702	1195	
-2470	2089	-15836	-1761	-1702	1195	
-2470	2089	36	-1761	-1702	1195	
-2470	-15831	36	-15841	-1702	1195	
-2482	2100	-15836	-1770	-1708	1195	
-2505	2123	36	-1785	-1724	1195	
-2526	2144	36	-1800	-1739	1195	
-2552	2170	36	-1818	-15837	1195	
-2578	2195	36	-1836	-1774	1195	
-2603	-15701	36	-1852	-1790	1195	
-2624	2241	36	-1866	-1804	1195	
-2650	2268	36	-1885	-1821	1195	
-2673	2293	36	-1901	-1838	1195	
-2697	2318	36	-1917	-1855	1195	
-2724	2346	36	-1936	-1872	1195	
-2750	2373	36	-1954	-1891	1195	
-2774	2397	36	-1970	-1908	-15701	
-2795	2417	36	-1985	-1922	1195	
-2821	2443	36	-2003	-1941	1195	
-2845	2468	36	-2020	-1957	-15701	
-2863	2487	36	-2032	-1970	1195	
-2863	2487	36	-2032	-1970	1195	
-2863	2487	36	-2032	-1970	1195	
-15663	2487	36	-2032	-1970	1195	
-2863	2487	36	-2032	-2047	1195	
-2867	2488	36	-2033	-1971	1195	
-2867	2305	36	-2047	-1971	1195	
-15667	2488	36	-2047	-1971	1195	
-2867	2488	36	-2033	-15795	1195	
-2867	2488	36	-2033	-1971	1195	
-2867	2488	36	-2033	-2047	1195	
-2867	2488	36	-2033	-1971	1195	
-2893	2513	36	-2051	-1990	1195	
-2919	2539	36	-2068	-2007	1195	
-2945	2567	36	-2086	-2024	1195	
-2972	2595	36	-2104	-2041	1195	
-2993	2618	-15836	-2119	-2056	1195	
-3018	2643	36	-2136	-2073	1195	
-3043	2671	36	-2153	-15658	1195	
-3067	2698	36	-2170	-2105	1195	
-3090	2723	36	-2184	-2121	1195	
-3110	2745	36	-2199	-2303	1195	
-3130	-15665	36	-2212	-2148	1195	
-3150	2789	36	-2226	-2163	1195	
-3174	2815	36	-2243	-15746	1195	
-3200	2844	36	-2260	-2196	1195	
-3220	2866	36	-2274	-2210	1195	
-3242	2891	36	-15858	-2227	1195	
-3267	2918	36	-2306	-2245	1195	
-3290	2943	36	-2322	-2260	1195	
-3302	2958	36	-2331	-2268	1195	
-3302	2958	36	-2331	-2268	1195	
-3302	2958	36	-2331	-2268	1195	
-3302	2958	36	-15643	-2268	1195	
-3302	2958	-15836	-2331	-15836	1195	
-3303	2959	-15836	-2331	-2269	1195	
-3303	2959	36	-2331	-2269	1195	
-3303	2959	36	-2331	-2269	1195	
-3303	2959	1	-2331	-2269	1195	
-3303	2959	36	-2559	-2269	-15701	
-3303	2959	36	-2331	-2269	1195	
-3307	2964	36	-2333	-2272	1195	
-3307	2964	36	-2333	-2272	1195	
-3307	-15724	36	-2333	-2272	-15701	
-3307	2964	36	-15645	-2272	1025	
-3307	2964	36	-15645	-15840	1195	
-3307	2964	-15836	-2333	-2272	1195	
-3309	2967	38	-2559	-2274	1195	
-3309	2967	38	-2338	-2274	1195	
-3309	2967	38	-2338	-2274	1195	
-3309	2967	38	-2338	-2274	1195	
-3309	2967	38	-2338	-2274	1195	
-3309	2967	38	-2338	-2274	1195	
-3322	2975	38	-2348	-2284	1195	
-3350	2985	38	-2367	-2304	1195	
-3384	2993	36	-2390	-2328	1195	
-3415	2996	33	-2412	-2349	1195	
-3449	2998	1	-2436	-2373	-15701	
-15768	3001	30	-2458	-2395	1195	
-3516	3002	-15842	-2482	-2420	1195	
-3523	3002	30	-2486	-2425	1195	
-3523	3002	30	-2486	-2425	-15701	
-3523	3002	30	-2486	-2425	1195	
-3523	3002	30	-2486	-2425	1195	
-3523	3001	31	-2486	-2426	1195	
-3542	3011	39	-2498	-2440	1195	
-3564	3029	48	-2514	-2457	1195	
-3591	3052	61	-2532	-2476	1195	
-3620	3072	71	-2552	-2497	1195	
-3649	3081	71	-2571	-2517	1195	
-3681	3088	69	-2592	-2540	1195	
-3711	3091	67	-2613	-2562	1195	
-3743	3095	64	-2634	-2583	1195	
-3743	3095	64	-2634	-2583	1195	
-3743	3095	64	-2634	-2583	1195	
-3743	3095	64	-2634	-2583	1195	
-3743	3095	1	-2634	-15639	1195	
-3751	3097	63	-2640	-2588	1195	
-3788	3100	62	-2664	-2616	1195	
-3822	3101	62	-2688	-2640	1195	
-3857	3101	62	-2712	-2663	1195	
-15671	3101	62	-2737	-2691	1195	
-3935	3101	62	-2764	-2719	1195	
-3940	3101	62	-2768	-2723	1195	
-3940	3101	62	-2768	-2723	1195	
-3940	3101	62	-2768	-2723	-15701	
-3940	3101	62	-2768	-2723	1195	
-3940	3101	62	-2768	-2723	1195	
-3944	-15843	64	-15824	-2725	1195	
-3944	3101	64	-2768	-2725	1195	
-3944	3101	64	-2768	-2725	1195	
-15720	3101	1	-2768	-2725	1195	
-15720	3101	64	-2768	-2725	1195	
-3944	3101	64	-2768	-2725	1025	
-3955	3113	71	-2778	-2735	1195	
-3978	3135	82	-2793	-2753	1195	
-3999	3158	95	-2808	-2769	1195	
-4026	3182	107	-2826	-2788	1195	
-4058	3197	107	-2847	-2815	1195	
-4090	3204	104	-2868	-2832	1195	
-4127	3209	101	-2893	-2859	1195	
-4161	3212	99	-2915	-2882	1195	
-4161	-15732	99	-2915	-2882	1195	
-4161	3212	99	-2915	-2882	1195	
-4161	3212	99	-2915	-2882	1195	
-4161	3212	99	-2915	-2882	1195	
-4183	3213	99	-2930	-2898	1195	
-4219	3213	99	-2954	-2924	1195	
-4254	3213	99	-2977	-2947	1195	
-4290	3213	99	-3000	-2970	1195	
-4324	3213	99	-3024	-2996	1195	
-4350	3213	99	-3041	-3014	1195	
-4350	3213	99	-3041	-3014	1195	
-4350	3213	99	-3071	-3014	1195	
-4350	3213	99	-3041	-3014	1195	
-4350	3213	99	-3041	-3014	1195	
-4375	3213	99	-3059	-3030	1195	
-4407	3213	99	-3081	-3052	1195	
-4444	3213	99	-3105	-3078	1195	
-4478	3213	99	-3128	-3102	1195	
-4516	3213	1	-3154	-3127	-15701	
-4543	3213	99	-3173	-3146	1195	
-4543	3213	99	-3173	-3146	1195	
-4543	3213	1	-3173	-3146	1195	
-4543	-15731	99	-3173	-3146	1195	
-4543	3213	99	-3173	-3146	1195	
-4552	3073	99	-3178	-3152	1195	
-4583	3213	99	-3199	-3174	1195	
-4620	3213	99	-3224	-3198	1195	
-4654	3213	99	-3247	-3222	1195	
-4696	3213	99	-3275	-3252	1195	
-4734	3213	99	-3299	-3276	1195	
-4734	3213	99	-3299	-3276	1195	
-4734	3213	1	-3299	-3276	1195	
-4734	3213	99	-3299	-3276	1195	
-4734	3213	99	-3299	-3276	1195	
-4750	3213	99	-3310	-3288	1195	
-4786	3213	99	-3333	-3312	1195	
-15836	3213	99	-3361	-3343	1195	
-4868	3213	99	-3388	-3368	1195	
-4905	3213	99	-3411	-3392	1195	
-4920	3213	99	-3421	-3403	1195	
-4920	3213	99	-3421	-3403	1195	
-4920	3213	99	-3421	-3403	1195	
-4920	3213	99	-3421	-3403	1195	
-4920	3213	-15773	-3421	-3403	1195	
-4920	3212	99	-3583	-3404	1195	
-4920	3212	99	-3421	-3404	1195	
-4920	3212	99	-3421	-3404	1195	
-4920	3212	1	-3421	-3404	1195	
-4920	3212	99	-3421	-3404	1195	
-4920	3212	99	-3421	-15692	1195	
-4921	3213	99	-3421	-3406	1195	
-4954	3226	103	-3443	-3428	1195	
-4985	3232	102	-3463	-3448	1195	
-5020	3237	101	-3487	-3472	1195	
-5060	3241	101	-3514	-3500	1195	
-5092	3244	101	-3537	-3520	1195	
-5130	3245	101	-3562	-3547	1195	
-5134	3245	101	-3565	-3549	1195	
-5134	3245	101	-3565	-3549	1195	
-5134	3245	101	-3565	-3549	1195	
-5134	3245	101	-3565	-15837	1195	
-5134	3245	-15771	-3565	-15837	1195	
-5134	3246	102	-3566	-3549	1195	
-5134	3246	1	-3566	-3549	1195	
-5134	3246	102	-3583	-3549	1025	
-5134	3246	102	-3566	-15871	1195	
-5134	-15698	102	-3566	-3549	-15701	
-5134	3246	102	-3583	-3549	1195	
-5149	3251	104	-3579	-3565	1195	
-5172	3275	118	-3595	-3580	1195	
-5198	3303	133	-3612	-3598	1195	
-5223	3327	144	-3839	-3616	-15701	
-5250	3341	144	-3648	-3635	1195	
-5287	3351	142	-3674	-3660	1195	
-5322	3356	142	-3698	-3683	1195	
-5350	3359	142	-3718	-3704	1195	
-5350	3359	142	-3718	-3704	1195	
-5350	3359	-15730	-3718	-3704	1195	
-5350	3359	142	-3718	-3704	1195	
-5350	3359	142	-3718	-3704	1195	
-5365	3360	142	-3728	-3714	1195	
-5396	3362	142	-3750	-3737	1195	
-5428	3365	142	-3773	-3759	1195	
-5464	3367	142	-3799	-3785	1195	
-5496	3367	142	-3823	-3808	1025	
-5530	3367	-15730	-4095	-3831	1195	
-5550	3367	142	-3861	-3846	1195	
-5550	3367	142	-3861	-3846	1195	
-5550	3367	142	-3861	-3846	1195	
-5550	3367	142	-3861	-3846	1195	
-5550	3367	142	-3861	-3846	1195	
-5557	3367	142	-3865	-3850	1195	
-5590	-15833	142	-3889	-4095	1195	
-5623	3367	142	-3912	-3897	1195	
-5665	3367	142	-3942	-3926	1195	
-5698	3367	142	-3965	-3950	1195	
-5730	3367	142	-3987	-3974	1195	
-5752	3367	142	-4095	-3990	1195	
-5752	3367	142	-4004	-3990	1195	
-5752	3367	142	-4004	-3990	1195	
-5752	3367	142	-4004	-3990	1195	
-5752	3367	142	-4004	-3990	1195	
-5770	3367	142	-4018	-4003	1195	
-5808	3367	142	-4044	-4032	1195	
-5848	3367	142	-4073	-4060	1195	
-5886	3367	-15730	-4100	-15863	1195	
-5924	3367	142	-4127	-4117	1195	
-5952	3367	142	-4147	-4136	1195	
-5952	3367	142	-4147	-4136	1195	
-5952	3367	1	-4147	-4136	1195	
-5952	3367	142	-4147	-4136	1195	
-5952	3367	142	-4147	-4136	1195	
-5966	3367	142	-4157	-4146	1195	
-5997	3367	142	-4179	-4167	1195	
-6033	3367	142	-4204	-4194	1195	
-6073	-15833	142	-4233	-4222	1195	
-6108	3367	142	-15779	-4248	1195	
-6141	3367	142	-4282	-4272	1195	
-6152	3367	142	-4290	-4281	1195	
-6152	3367	142	-4290	-4281	1195	
-6152	3367	142	-4290	-4281	1195	
-6152	3329	142	-4290	-4351	1195	
-6152	3367	-15871	-4290	-4281	1195	
-6160	3365	139	-4287	-4288	1195	
-6160	3365	139	-15807	-4288	1195	
-6160	3365	139	-4287	-4288	1195	
-6160	3365	139	-4287	-4288	1195	
-6160	3365	139	-4287	-4288	1195	
-6160	3365	139	-4287	-4288	1195	
-6175	3329	139	-4297	-4297	1195	
-6208	3380	139	-4320	-4320	1195	
-6242	3387	138	-4345	-4347	1195	
-6281	3392	138	-4372	-4375	1195	
-6312	3394	138	-4395	-4396	1195	
-6342	3395	138	-4416	-4418	1195	
-6373	3398	138	-4438	-4441	1195	
-6381	3399	138	-4444	-4447	1195	
-6381	3399	138	-4444	-4447	1195	
-6381	3399	138	-4444	-4447	1195	
-6381	3399	138	-15708	-4447	1195	
-6387	3399	139	-4444	-4453	1195	
-6390	3401	-15735	-4443	-4454	1195	
-6390	3401	137	-4443	-4454	1195	
-6390	3401	137	-4443	-4454	1195	
-6390	3401	-15735	-4607	-4454	-15701	
-15862	3401	1	-4607	-4454	1195	
-6390	3401	137	-15707	-4454	1195	
-6390	3401	137	-4443	-4455	1195	
-6390	3401	137	-4443	-15719	1195	
-6390	3401	137	-4443	-4455	1195	
-6390	3401	137	-4443	-4607	-15701	
-6390	3329	137	-4443	-15719	1195	
-6390	3329	137	-4443	-4455	1195	
-6392	3403	137	-4446	-4607	1195	
-6392	3403	-15735	-4446	-15721	1195	
-6392	3403	1	-4446	-15721	1195	
-6392	3403	137	-4607	-4457	1195	
-6392	3403	137	-15710	-4457	1195	
-15864	3403	137	-4446	-4457	-15871	
-6396	3406	139	-15714	-4454	1195	
-6396	3406	139	-4450	-4454	1195	
-6396	3406	139	-4450	-4454	1195	
-6396	3406	139	-4450	-4454	1195	
-6396	3406	139	-4450	-4607	1195	
-6402	3410	139	-4456	-4458	1195	
-6429	3424	138	-4476	-4480	1195	
-6466	3434	135	-4501	-4507	1195	
-6504	3442	131	-4529	-4535	1195	
-6535	3446	129	-4552	-4558	-15701	
-6565	3450	129	-4573	-4581	1195	
-6603	3454	129	-4601	-4609	1195	
-6618	3455	129	-4612	-4620	1195	
-6618	3455	129	-4612	-4620	1195	
-6618	3455	129	-15620	-4620	1195	
-6618	3455	129	-4612	-4620	1195	
-6624	3456	129	-4616	-4625	1195	
-6656	3457	129	-4640	-4650	1195	
-6694	3457	129	-4668	-4678	1195	
-6733	3457	129	-4697	-4708	1195	
-6771	3457	129	-4726	-4737	1195	
-15768	3457	129	-4753	-4765	1195	
-6820	3457	129	-4762	-15781	1195	
-6820	3457	129	-4762	-4773	1195	
-6820	3457	129	-4762	-4773	-15701	
-6820	3457	129	-4762	-4773	1195	
-6820	3457	129	-4762	-4773	1195	
-6826	3457	129	-4757	-4780	1195	
-6826	3457	129	-4757	-4780	1195	
-6826	3457	129	-4757	-4780	-15701	
-6826	3329	129	-15765	-4780	1195	
-15786	-15743	129	-4863	-4780	1195	
-6839	3452	127	-15766	-4782	1195	
-6859	3467	136	-4775	-4796	1195	
-6883	3493	149	-4791	-4813	1195	
-6906	3519	162	-4809	-4831	1195	
-6936	3538	168	-4831	-4856	1195	
-6971	3550	166	-4857	-4883	1195	
-7007	3556	165	-4883	-4910	1195	
-7035	3560	165	-4905	-4933	1195	
-7059	3563	165	-4922	-4952	1195	
-7059	3563	165	-4922	-4952	1195	
-7059	3563	165	-4922	-4952	1195	
-7059	-15637	165	-4922	-4952	1195	
-7059	3563	165	-4922	-4952	1195	
-7070	3564	165	-4931	-4960	1195	
-7106	3566	165	-4958	-4988	1195	
-7144	3329	165	-4985	-5017	1195	
-7177	3566	165	-5010	-5043	1195	
-7218	3566	165	-5041	-5073	1195	
-7255	3566	165	-5068	-5101	1195	
-7263	3566	1	-5074	-5108	1195	
-7263	3566	165	-5074	-5119	1195	
-7263	3566	165	-15826	-5108	1195	
-7263	3566	165	-5074	-5108	1195	
-7265	3563	163	-5072	-5106	1195	
-7265	3563	163	-15824	-5106	1195	
-7265	-15637	1	-5072	-5106	1025	
-15713	3563	163	-5072	-5106	1025	
-7265	3563	163	-5072	-5106	1195	
-7263	3565	160	-5070	-5099	1195	
-7263	3565	160	-5070	-5119	1195	
-7263	3565	160	-5070	-5099	1195	
-7263	3565	160	-5070	-15851	1195	
-7263	3565	-15712	-5070	-15851	1195	
-7267	3567	160	-5072	-5101	1195	
-7294	3580	159	-5092	-5121	1195	
-7328	3585	156	-5117	-5149	1195	
-7357	3596	156	-5139	-5171	1195	
-7391	3600	156	-5164	-5197	1195	
-7421	3603	156	-5185	-5221	1195	
-7458	3608	156	-5213	-5250	1195	
-7486	3611	156	-5234	-5270	1195	
-7486	3611	156	-5234	-5270	1195	
-7486	3611	-32612	-5234	-5270	1195	
-7486	3611	156	-5234	-5270	1195	
-7486	3585	156	-5234	-5270	1195	
-7497	3611	156	-5242	-5279	1195	
-7523	3612	156	-5263	-5301	1195	
-7552	3615	156	-5284	-5323	1195	
-7581	3618	156	-5306	-5345	1195	
-7615	3620	156	-5332	-5371	1195	
-7650	3623	156	-5357	-5398	1195	
-7685	3625	156	-5631	-5425	1195	
-7705	3627	156	-5399	-5440	1195	
-7705	3627	156	-5399	-5440	1195	
-7705	3627	156	-5399	-5440	1195	
-7705	3627	156	-5399	-5440	1195	
-7705	3627	156	-5399	-5440	1195	
-7717	3629	156	-5407	-5449	1195	
-7745	3631	156	-5428	-5472	1195	
-7775	3633	156	-5450	-5495	1195	
-7804	3634	156	-5472	-5517	1195	
-7842	3635	156	-5500	-5547	1195	
-7872	3638	156	-15762	-5571	1195	
-7903	3641	156	-5545	-5595	1195	
-7924	3643	156	-5560	-5611	1195	
-7924	3643	156	-5560	-5611	1195	
-7924	3643	156	-5560	-5611	1195	
-7924	3643	156	-5560	-5611	1195	
-15860	3643	156	-5560	-5611	1195	
-7930	3643	156	-5564	-5615	1195	
-7957	3645	1	-5585	-5638	1195	
-7991	3647	156	-15851	-5663	1195	
-8028	3650	156	-5639	-5691	1195	
-8062	3654	156	-5664	-5718	1195	
-8093	3655	156	-5686	-5741	1195	
-8134	3655	156	-5718	-5773	1195	
-8134	3655	156	-5718	-5773	1195	
-8134	3655	156	-5718	-5773	1195	
-8134	3655	156	-5718	-5773	1195	
-8180	3655	156	-5752	-5809	1195	
-8239	3655	156	-5796	-5854	1195	
-8290	3655	156	-5836	-5894	1195	
-8332	3655	156	-5867	-5926	1195	
-8334	3655	156	-5868	-6143	1195	
-8334	3655	156	-5868	-5929	1195	
-8334	3655	156	-5868	-5929	1195	
-8334	3655	156	-5868	-5929	-15701	
-8334	3655	1	-5868	-5929	-15701	
-8343	3660	156	-5875	-5939	1195	
-8365	-15779	163	-5891	-5956	1195	
-8390	3699	174	-5910	-5975	1195	
-8409	3717	184	-5925	-5990	1195	
-8436	3732	188	-5944	-6012	1195	
-8467	3741	187	-5967	-6035	1195	
-8504	3747	186	-5995	-6064	1195	
-8538	3751	186	-6020	-6091	1195	
-8556	3752	186	-6033	-6105	1195	
-8556	3752	186	-6033	-6105	1195	
-8556	3752	186	-6033	-6105	1195	
-8556	3752	186	-6033	-6105	1195	
-8556	3752	186	-6033	-6105	1195	
-8577	3754	186	-6049	-6120	1195	
-8610	3757	186	-6074	-6145	1195	
-8640	3759	186	-6096	-6169	1195	
-8679	3760	186	-6125	-6198	1195	
-8719	3760	-15686	-6155	-6228	1195	
-8759	3760	186	-6185	-6260	1195	
-8760	3760	186	-6186	-6262	-15701	
-8760	3760	186	-6186	-6262	1195	
-8760	3760	186	-6186	-6262	1195	
-8760	3760	186	-6186	-6262	1195	
-8761	3761	184	-6188	-6263	1195	
-8761	3761	184	-6188	-6263	-15701	
-8761	3761	1	-6188	-6263	1195	
-15673	3761	-15688	-6188	-6263	1195	
-8761	3761	184	-6188	-6263	1195	
-8761	3761	184	-6188	-6263	1195	
-8761	3761	184	-6188	-6263	1195	
-8791	3773	185	-6211	-6286	1195	
-8820	3780	184	-6232	-6309	1195	
-8852	3785	184	-6256	-15807	1195	
-8882	3788	184	-6278	-6356	1195	
-8915	3791	184	-6302	-6382	1195	
-8949	3794	184	-6327	-6408	1195	
-8979	3796	184	-6350	-6431	1195	
-8979	3796	184	-6350	-6431	1195	
-8979	3796	184	-6350	-6431	1195	
-8979	3796	184	-6350	-6431	1195	
-8979	3796	184	-6350	-6431	1195	
-8979	3796	184	-6350	-6431	1195	
-9015	3797	184	-6376	-6459	1195	
-9052	3797	184	-6404	-6487	1195	
-9093	3797	184	-6433	-6517	1195	
-9131	3797	184	-6462	-6547	1195	
-9161	3797	184	-6484	-6571	1195	
-9181	3797	184	-6499	-6585	1195	
-9181	3797	184	-6499	-6585	1195	
-9181	3797	184	-6499	-6585	1195	
-9181	3797	184	-6499	-6585	1195	
-9181	3797	184	-6499	-6585	1195	
-9200	3797	184	-6514	-6600	1195	
-9234	3797	184	-6539	-6626	1195	
-9265	3797	184	-6563	-6651	1195	
-9298	3797	184	-6587	-6675	1195	
-9339	3797	184	-6617	-6707	1195	
-9378	3797	184	-6646	-6738	1195	
-9382	3797	184	-6648	-6741	1195	
-9382	3797	184	-6648	-6741	1195	
-9382	3797	184	-6648	-6741	1195	
-15782	3797	184	-6648	-6741	1195	
-9382	3797	184	-6648	-6741	1195	
-9381	3797	184	-6655	-6741	1195	
-9381	3797	184	-15863	-6741	1195	
-9381	3797	184	-6655	-6741	1195	
-9381	3585	1	-6647	-6741	1195	
-9381	3797	-15688	-6647	-6741	1195	
-9381	-15659	184	-6647	-6741	1195	
-9380	3795	184	-6647	-6743	1195	
-9380	3795	184	-6647	-6743	1195	
-9380	3795	184	-6647	-6743	1025	
-9380	-15661	1	-6647	-6743	1195	
-9380	3795	184	-6647	-6743	1195	
-9380	3795	184	-6647	-15703	1195	
-9390	3809	190	-6655	-6751	1195	
-9408	3826	194	-6668	-6764	1195	
-9411	3829	194	-6670	-6767	1195	
-9411	3829	194	-6670	-6767	1195	
-9411	3829	194	-6670	-6767	1195	
-15811	3829	1	-6670	-6767	1025	
-9411	3585	1	-6670	-6767	1195	
-9429	3843	198	-15645	-6772	1195	
-9452	3865	209	-6702	-6789	1195	
-9471	3886	219	-6716	-15762	1195	
-9498	3912	229	-6733	-6822	1195	
-9527	3926	229	-6754	-6845	1195	
-9560	-15777	227	-6775	-6868	1195	
-9596	3940	227	-6797	-6891	1195	
-9635	3944	227	-6822	-6918	1195	
-9657	3945	227	-6837	-6933	1195	
-9657	3945	227	-6837	-6933	1025	
-9657	3945	227	-6837	-6933	1195	
-9657	3945	227	-6837	-6933	1195	
-9657	3945	227	-6837	-6933	1195	
-9679	3947	227	-6850	-6948	1195	
-9714	3950	227	-6873	-6971	1195	
-9755	3954	227	-6901	-7000	1195	
-9790	3955	227	-15628	-7024	1195	
-9825	3841	227	-6946	-7048	1195	
-9857	3955	227	-6968	-7070	1195	
-9878	3955	227	-6981	-7167	1195	
-9878	3955	227	-6981	-7085	1195	
-9878	3955	227	-6981	-7085	1195	
-9878	3955	227	-6981	-7085	1195	
-9878	3955	227	-6981	-7085	1195	
-9888	3955	227	-6989	-7092	1195	
-9918	3956	227	-7008	-7113	1195	
-9949	3956	227	-7030	-7136	1195	
-9984	3956	227	-7055	-7163	1195	
-10022	3956	227	-7081	-7191	1195	
-10054	3956	227	-7104	-7215	1195	
-10075	3956	227	-7120	-7232	1195	
-10075	3956	227	-7120	-7232	1195	
-10075	3956	227	-7120	-7232	1195	
-10075	3956	227	-7120	-7232	1195	
-10075	3956	227	-7120	-7232	1195	
-10092	3956	227	-7132	-7246	1195	
-10127	3956	227	-15862	-7273	1195	
-10162	3956	227	-7185	-7299	1195	
-10201	3956	227	-7214	-7332	1195	
-10232	3956	227	-7239	-7356	1195	
-10247	3956	227	-7251	-7423	1195	
-10247	3956	227	-7251	-7369	1195	
-10247	3956	227	-7251	-7369	1195	
-10247	3956	227	-7251	-7369	1195	
-10247	3956	227	-7251	-7369	1195	
-10272	3956	227	-7272	-7391	1195	
-10309	3956	227	-7301	-7422	1195	
-10344	3956	227	-7332	-7452	1195	
-10378	3956	227	-7360	-7483	1195	
-10398	3956	227	-7378	-7501	1195	
-10398	3956	227	-7378	-7501	1195	
-10398	3956	113	-7378	-7501	1195	
-10398	3956	227	-7423	-7501	1195	
-10398	3956	227	-7378	-7501	1195	
-10409	3956	227	-7386	-7508	1195	
-10445	3956	227	-7414	-7537	1195	
-10477	3956	227	-7437	-7561	1195	
-10508	3956	227	-7460	-7585	1195	
-10541	3956	227	-7484	-7608	1195	
-10581	-15756	227	-7679	-7639	1195	
-10581	3956	-15645	-7513	-7639	1195	
-10581	3956	227	-7513	-7679	1195	
-10581	3956	227	-7513	-7639	1195	
-10581	3956	227	-7513	-7639	1195	
-10581	3956	227	-7513	-7639	1195	
-10581	3957	227	-7514	-7638	1195	
-10581	3957	-15645	-7514	-7638	1195	
-10581	3957	227	-7514	-7679	1195	
-10581	3957	-15871	-7514	-7638	-15701	
-10581	3841	227	-7514	-7679	1195	
-10581	3957	227	-7514	-7679	1195	
-10582	3957	226	-7515	-15830	1195	
-10582	3957	226	-7515	-7638	1195	
-10582	-15755	226	-7515	-7638	1195	
-10582	3957	226	-15707	-7638	1195	
-10582	3957	226	-7515	-7638	1195	
-10582	-15755	226	-15707	-7638	1195	
-10582	3957	1	-7515	-7638	1195	
-10611	3973	1	-7535	-7657	1195	
-10644	3985	228	-15749	-7680	1195	
-10673	3993	227	-7578	-7701	1195	
-10706	4000	227	-7601	-7725	1195	
-10745	4005	227	-7627	-7752	1195	
-10779	4009	227	-7679	-7775	1195	
-10807	4013	227	-7670	-7795	1195	
-10807	4013	227	-7670	-7795	1195	
-10807	4013	227	-7670	-7795	-15701	
-10807	4013	227	-7670	-7795	1195	
-10807	4013	227	-7670	-7795	1195	
-10808	4013	227	-7670	-7795	1195	
-10844	4015	227	-7695	-7820	1195	
-10878	4018	227	-7716	-7842	1195	
-10910	4023	227	-7739	-7864	1195	
-10951	4027	227	-7935	-7892	1195	
-10990	4032	227	-7793	-7919	1195	
-11020	4037	227	-7814	-7940	1195	
-11040	4039	227	-7827	-7954	1195	
-11040	4039	1	-7827	-7954	1195	
-11040	4039	227	-7827	-7954	1195	
-11040	4039	227	-7827	-7954	1195	
-11040	4039	227	-7827	-7954	1195	
-11067	4043	227	-7847	-7972	1195	
-11106	4047	227	-7872	-7996	1195	
-11139	4050	227	-7895	-8020	1195	
-11171	4053	227	-7918	-8043	-15701	
-11208	4059	227	-7943	-8068	1195	
-11244	4062	227	-7969	-8093	1195	
-11256	4064	227	-7977	-8101	1195	
-11256	4064	227	-7977	-8101	1025	
-11256	4064	227	-7977	-8101	1195	
-11256	4064	227	-8191	-8101	1025	
-11256	4064	227	-8191	-8101	1195	
-11269	4073	237	-7992	-8118	1195	
-11288	4089	246	-8005	-8131	1195	
-11312	4111	260	-8023	-8148	1195	
-11335	4133	269	-8039	-8166	1195	
-11367	4097	272	-15743	-8190	1195	
-11400	4159	269	-8087	-8213	1195	
-11436	4165	269	-8113	-8240	1195	
-11472	4171	269	-8139	-8267	1195	
-11476	4171	269	-8142	-8270	1195	
-11476	4171	269	-8142	-8270	1195	
-11476	4171	269	-8142	-8270	1195	
-15828	4171	269	-8142	-8270	1195	
-11481	4134	271	-8142	-8270	1195	
-11479	4178	273	-8139	-8273	1195	
-11479	4178	273	-8139	-8447	1195	
-11479	4178	273	-8139	-8273	1195	
-15831	4178	273	-8139	-8273	-15871	
-11479	-15790	273	-8139	-8273	1195	
-11476	4189	280	-8133	-8280	1195	
-11489	4208	287	-8142	-8294	1195	
-11510	4235	301	-8159	-8311	1195	
-11532	4263	317	-8176	-8329	1195	
-11557	4285	321	-8196	-8349	1195	
-11587	4299	320	-8447	-8375	1195	
-11620	4308	319	-8250	-8403	1195	
-11646	4313	319	-8272	-8424	1195	
-11646	4313	319	-8272	-8424	1195	
-11646	4313	319	-8272	-8424	1195	
-11646	4097	319	-8272	-8424	1195	
-11646	4313	319	-8272	-8424	1195	
-11657	4316	319	-8282	-8434	-31743	
-11691	4321	319	-8309	-8462	1195	
-11723	4326	319	-8334	-8488	1025	
-11763	4329	319	-8364	-8517	1195	
-11803	4333	319	-8392	-8547	1025	
-15667	4337	319	-8409	-15732	1195	
-11827	4337	319	-8409	-8564	1195	
-11827	4337	319	-8409	-8564	1195	
-11827	4337	319	-8409	-8564	1195	
-11827	4337	319	-8409	-8564	-15701	
-11849	4339	319	-8425	-8580	1195	
-11878	4342	319	-8445	-8600	1195	
-11908	4345	319	-8467	-8622	1195	
-11942	4349	319	-8491	-8647	1195	
-11973	4351	319	-8512	-8669	1195	
-12005	4353	319	-8536	-8692	1195	
-12039	4357	319	-8558	-8716	1195	
-12039	4357	319	-8558	-8716	1195	
-12039	4353	319	-8558	-8716	1195	
-12039	4353	319	-8558	-8716	1195	
-12039	4357	319	-8558	-8716	1195	
-12051	4359	319	-8566	-8725	1195	
-12081	4362	319	-8587	-8745	1195	
-12117	4365	319	-8612	-8771	1195	
-12154	4369	319	-8640	-8799	1195	
-12189	4373	319	-8665	-8823	1195	
-12228	4376	319	-8693	-8851	1195	
-12250	4378	319	-8959	-8867	1195	
-12250	4378	319	-8709	-8867	-15701	
-12250	4378	319	-8709	-8867	1195	
-12250	4378	319	-8709	-8867	1195	
-12250	4378	319	-8709	-8867	1195	
-12277	4382	319	-8728	-8888	1195	
-12311	4385	319	-8754	-15825	1195	
-12349	4389	319	-8781	-8942	1195	
-12386	4394	319	-8808	-8971	1195	
-12419	4397	319	-8832	-8994	1195	
-15781	4401	319	-8855	-9018	1195	
-12473	4405	319	-8869	-9033	1195	
-12473	4405	319	-8869	-9033	1195	
-12473	4405	319	-8869	-9033	1195	
-12473	4405	319	-8869	-9033	1195	
-12473	4405	319	-8869	-9033	1195	
-12481	4405	319	-8875	-9039	1195	
-12513	4408	319	-8897	-9061	1195	
-12548	4409	319	-8920	-9084	1195	
-12589	4410	319	-8949	-9115	1195	
-12625	4413	319	-8974	-9140	1195	
-12656	4417	319	-8995	-9161	1195	
-15765	4421	319	-9020	-9189	1195	
-12702	4421	319	-9027	-9195	1195	
-12702	4421	319	-9027	-9195	1195	
-12702	4421	319	-9027	-9195	1195	
-12702	4353	319	-9027	-9195	1195	
-15774	4421	319	-9027	-9195	1195	
-12700	4424	317	-9028	-9194	1195	
-15772	4424	317	-9028	-9194	1195	
-12700	4424	317	-9028	-9194	1195	
-12700	4424	317	-9028	-9194	1195	
-12700	4424	257	-9028	-9194	1195	
-12700	4424	317	-9028	-9194	1195	
-15777	4426	320	-9030	-9202	1195	
-12733	4438	320	-9049	-9221	1195	
-12764	4446	319	-9071	-9244	1195	
-12799	4452	319	-9096	-9270	1195	
-12831	4458	319	-9119	-9294	1195	
-12864	-15761	319	-9142	-9318	1195	
-12896	4468	319	-9215	-9345	1195	
-12916	4470	319	-9186	-9366	1195	
