Mot1	Mot2	Mot3	Mot4	Mot5	Mot6	Tsample=3ms
1	0	-2	1	1	0	
13	0	-14	12	13	0	
32	0	-36	28	33	0	
57	0	-62	47	55	0	
83	0	-90	66	76	0	
111	0	-118	86	99	0	
137	0	-146	104	119	0	
154	0	-166	115	133	0	
174	0	-190	129	149	0	
193	-15872	-211	142	163	0	
-15660	0	-232	-15717	177	0	
232	0	-255	168	190	0	
250	0	-276	180	203	0	
273	0	-302	195	219	0	
292	0	-324	207	233	0	
313	0	-350	221	1	0	
330	0	-370	233	262	0	
349	0	-393	245	275	0	
366	0	-15774	256	288	0	
386	0	-438	269	303	0	
409	0	-466	284	321	0	
430	0	-489	-15830	337	0	
452	0	-518	313	353	0	
470	0	-538	325	-15763	0	
491	0	-564	339	381	0	
510	0	-588	351	394	0	
530	0	-612	364	409	0	
552	0	-640	379	425	0	
573	0	-666	393	440	0	
597	0	-694	409	456	0	
618	0	-720	424	471	0	
639	0	-746	438	486	1	
660	0	-772	453	501	0	
678	0	-792	465	513	0	
698	0	-818	478	528	0	
721	0	-848	-15634	544	0	
742	0	-874	507	561	0	
758	0	-895	519	574	0	
779	0	-922	533	513	0	
797	0	-942	545	601	0	
815	0	-966	557	614	0	
837	0	-992	571	629	0	
859	0	-1020	586	646	0	
877	0	-1043	599	660	0	
895	0	-1066	611	673	0	
915	0	-1092	623	687	0	
937	0	-1118	638	703	0	
955	0	-1141	513	717	0	
975	0	-1164	663	731	0	
993	0	-1186	-15710	744	0	
-15626	0	-1212	688	759	0	
1037	0	-1240	703	776	0	
-15835	0	-1269	513	793	0	
1078	0	-1290	731	805	0	
1099	0	-1316	744	821	0	
1120	0	-1341	759	835	0	
1141	0	-1367	773	850	0	
1162	0	-1392	787	865	0	
1184	0	-1418	801	881	0	
1204	0	-1444	815	895	0	
1222	0	-1466	769	909	0	
1240	-15872	-1488	839	769	0	
1257	0	-1508	851	932	0	
1274	0	-1530	862	944	0	
-15859	0	-1554	875	958	0	
1311	0	-1791	887	971	0	
1333	0	-1602	903	987	1	
1354	0	-1627	916	1001	0	
1375	0	-1654	931	1016	0	
1394	0	-1678	943	1027	-15872	
-15740	0	-1696	769	1040	1	
1433	0	-1722	968	1055	0	
1452	0	-1745	981	1069	0	
1474	0	-1771	996	1085	0	
1493	0	-1794	-15632	1098	0	
1514	0	-1820	1022	1113	0	
1534	0	-1845	1035	1129	0	
1554	0	-1868	1048	1143	0	
1576	0	-15718	1062	1157	0	
1593	0	-1915	1073	1169	0	
1609	0	-1936	1084	1181	0	
1628	0	-1961	1098	1197	0	
1650	0	-1987	1112	1212	0	
1670	0	-2012	-15771	1227	0	
1692	0	-2039	1140	1243	0	
1712	0	-2063	1153	1257	0	
1729	0	-15651	1164	1268	1	
1748	0	-2108	1176	1281	0	
1770	0	-2134	1191	1298	0	
1793	0	-2162	1025	1314	0	
1814	0	-2187	1220	1328	0	
1837	0	-2216	1025	1344	0	
1858	0	-2242	1249	1359	-15872	
1877	0	-2262	1262	1373	0	
1896	0	-2285	1274	1387	0	
1915	0	-2308	1287	-15752	0	
-15726	0	-2336	1302	-15736	0	
1957	0	-15672	1314	1430	0	
1980	0	-2387	1329	1446	0	
1999	0	-2409	1341	1459	-15872	
-15646	0	-2432	1354	1472	0	
2035	0	-2452	1365	1484	0	
2052	0	-2472	1376	1497	0	
2073	0	-2497	1390	1281	0	
2091	0	-2518	1401	1524	0	
2111	1	-2545	1415	1541	0	
2130	0	-2568	1427	1554	0	
-15771	0	-2590	1439	1567	0	
2169	0	-2616	1452	1583	0	
2187	0	-2636	1464	1595	0	
2206	-15872	-2659	1476	-15799	0	
2223	0	-2679	1487	1622	0	
2240	0	-2700	1498	1633	0	
2261	0	-2724	1511	1649	0	
2280	0	-2746	1523	1662	0	
2302	0	-2773	1538	1678	0	
-15851	0	-15856	1553	1695	0	
2343	0	-2821	1564	1707	0	
2364	0	-2845	1578	1722	0	
2390	0	-2876	1595	1741	0	
2422	0	-2914	1615	1764	0	
2454	0	-2951	1636	1786	0	
2485	0	-2986	1656	1807	0	
2515	0	-3016	1674	1828	0	
2545	0	-3052	1693	1849	0	
2577	0	-3088	1714	1871	0	
2595	0	-3110	1726	1883	0	
2614	0	-3132	1738	1896	0	
2633	0	-3155	1750	1910	0	
2657	0	-3182	1766	1926	0	
2680	0	-15753	1781	1941	0	
-15732	0	-3235	1795	1956	0	
2721	-15872	-3260	1809	1971	0	
2739	0	-3278	1820	1982	0	
2756	0	-3298	1830	1994	0	
-15659	0	-3317	1841	2007	0	
2791	0	-3339	1853	2019	0	
2810	0	-3358	-15799	2029	0	
2832	0	-3383	1879	2045	-15872	
2855	0	-3410	1894	2061	0	
2874	0	-3431	1905	2075	0	
2891	0	-3451	1917	2087	0	
2909	0	-3473	1928	2100	0	
2927	0	-3494	1940	2111	0	
2945	0	-3514	1951	2124	0	
2966	0	-3538	1964	2138	0	
2984	0	-3558	1975	2150	0	
3005	0	-3582	1989	2165	0	
3027	0	-3607	2002	2179	0	
3046	0	-3629	2014	2192	0	
3063	0	-3649	2025	2203	0	
-15860	0	-3673	2039	2217	0	
3107	0	-15731	2053	2233	0	
3130	0	-3725	2067	2247	0	
3150	1	-3748	2080	2261	0	
3170	0	-3770	2093	2273	0	
3189	0	-3790	2105	2285	0	
3208	0	-3810	2117	2049	0	
3228	0	-3830	2130	2308	0	
3243	0	-3848	2141	2317	-15872	
3264	0	-3868	2155	2330	-15872	
3283	0	-4095	2168	2341	0	
3304	1	-3906	2181	2351	0	
3325	1	-4095	2195	2361	0	
3342	1	-3942	2206	-15806	0	
3361	1	-3958	-15702	2379	0	
3379	1	-3974	2229	2387	0	
3401	1	-3993	2243	2397	0	
3424	1	-4014	2258	2407	0	
3444	1	-4028	2270	2416	0	
3463	1	-4044	2282	2423	0	
3482	1	-4062	2294	2429	0	
3500	1	-4076	2305	2436	0	
3519	1	-4092	2317	2443	0	
3540	1	-4110	2333	2452	0	
3560	1	-4351	2347	2461	0	
3582	1	-4148	2362	2473	0	
3599	1	-4166	2376	2483	0	
3617	1	-4182	2389	2493	0	
3635	1	-4198	2401	2502	0	
3656	1	-4215	2416	2512	0	
3678	1	-4234	2431	2522	0	
3694	1	-4250	2443	2531	0	
3712	1	-4266	2457	2540	0	
3732	1	-4284	2471	2550	0	
3751	-15871	-4300	2484	2560	-15872	
3774	1	-4320	2499	2571	0	
3793	1	-4336	2512	2561	0	
3814	1	-4354	2526	2590	0	
3833	1	-4367	2538	2600	0	
3851	-15871	-4380	2549	2609	0	
3868	1	-4394	2559	2617	0	
3889	1	-4410	2572	2628	0	
3909	1	-4426	2585	2638	0	
3928	1	-4442	2597	2648	0	
3949	1	-4460	2612	2659	0	
-15742	1	-4479	2626	2670	0	
3988	1	-4494	2638	2680	-15872	
4009	1	-4512	2653	2691	0	
4027	1	-4528	2666	2700	0	
4049	1	-4548	2682	2712	0	
4069	1	-4566	2696	2723	0	
4090	1	-4584	2709	2733	0	
4108	1	-4600	2721	2741	0	
4129	1	-4618	2735	2561	0	
4146	1	-15641	2747	2759	0	
4167	1	-4652	2761	2769	0	
4186	1	-4670	2774	2779	0	
4204	1	-4687	2787	2788	0	
4225	1	-4705	2801	2799	0	
4246	1	-4724	2815	2808	0	
4267	1	-4744	2829	2819	0	
4287	1	-4758	2841	2829	0	
-15663	1	-4772	2853	2838	0	
4324	1	-4790	2865	2847	0	
4343	1	-4804	2877	2855	0	
4361	1	-15826	2888	2863	0	
4383	1	-4836	2901	2874	0	
4407	1	-4854	2915	2885	0	
4426	1	-5119	2925	2894	0	
4445	1	-4886	2935	2902	0	
4462	1	-4899	2944	2910	0	
4479	1	-4913	2952	2918	0	
4496	1	-4926	2960	2926	0	
4509	1	-15692	2966	2935	0	
4528	1	-4954	2817	2945	0	
4550	1	-4972	2983	2957	0	
4572	1	-4990	2991	2968	0	
4593	1	-5007	2999	2978	0	
4613	1	-5024	3007	2987	0	
4631	1	-5038	3014	2995	0	
4649	1	-5052	3020	3004	0	
4668	1	-5068	3027	3014	0	
4690	1	-5088	3034	3023	0	
4712	1	-5103	3040	3033	1	
4729	1	-5116	3045	3041	0	
4750	1	-5132	3051	3051	0	
4769	1	-5146	3055	3057	0	
4786	1	-5159	3060	3063	0	
4804	1	-5172	3064	3070	0	
4823	1	-5183	3068	3078	0	
4841	1	-5196	-15872	3084	0	
4861	1	-5208	3076	3091	0	
4881	1	-5220	3080	3097	0	
4901	1	-5233	3082	3103	0	
4918	1	-5244	3086	3108	0	
4938	1	-5254	3073	3114	0	
4955	1	-5264	3094	3119	0	
4979	1	-5278	3098	3125	0	
4999	1	-5288	3102	3130	0	
5017	1	-5298	3106	3134	0	
5036	1	-5306	3109	3137	0	
5057	1	-5317	3113	3141	0	
5076	1	-5326	3116	3144	0	
5095	1	-5334	3119	3148	0	
5114	1	-5342	3121	3152	0	
5133	1	-5350	3124	3155	0	
5155	2	-5360	3128	3160	0	
5175	2	-5368	3131	3164	0	
5192	2	-5375	3133	3167	0	
5213	2	-5382	3137	3171	0	
5230	2	-5388	3140	3175	0	
5251	2	-5395	3143	3179	0	
5270	2	-5402	3145	3182	0	
5291	2	-5410	3149	3186	0	
5314	2	-5417	3151	3189	0	
5335	2	-5422	3153	3191	0	
5355	2	-5428	3155	3194	0	
5375	2	-5434	3157	3196	0	
5391	2	-5440	3159	3198	0	
5409	2	-5446	3161	3199	0	
5431	2	-5454	3163	3201	0	
5449	2	-5458	3073	3203	0	
5467	2	-5462	3165	3204	0	
5486	2	-5466	3165	3205	0	
5507	2	-5471	3166	3206	0	
5524	2	-5475	3167	3206	0	
5545	2	-5480	3168	3206	0	
5565	2	-5486	3168	3206	0	
5586	2	-5491	3168	3206	0	
5604	2	-5497	3168	3206	0	
5624	2	-5498	3168	3206	0	
5641	2	-5501	-15776	3206	0	
5658	2	-5505	3168	3206	0	
5679	2	-5510	3168	3206	0	
5700	2	-5514	3168	3206	0	
5719	2	-5520	3168	3206	0	
5743	2	-5526	3169	3206	0	
5760	2	-5531	3169	3206	0	
5782	2	-5535	3170	3206	0	
5799	2	-15778	3172	3206	0	
5817	2	-5538	3173	3206	0	
5837	2	-5538	3174	3206	0	
5858	2	-5538	3175	3206	0	
5877	2	-5538	3177	3206	0	
5896	2	-5538	3178	3206	0	
5919	2	-5538	3181	3206	0	
5936	2	-5538	3182	3206	0	
5955	2	-5538	3184	3206	0	
5974	2	-5538	3185	3206	0	
5995	2	-5538	3186	3206	0	
6016	2	-5538	3188	3206	0	
6040	2	-5538	3189	3206	0	
6060	2	-5538	3190	3206	0	
6078	2	-5538	3191	3206	0	
6095	2	-5538	3192	3206	0	
6112	2	-5538	3193	3206	0	
6131	2	-5538	3195	3206	0	
6151	2	-5538	3196	3206	0	
6170	2	-5538	3197	3206	0	
6191	2	-5538	3197	3206	0	
6211	2	-5538	3197	3206	0	
6233	2	-5538	3197	3206	0	
6250	2	-5538	3197	3206	0	
6269	2	-5538	3198	3206	0	
6290	2	-5538	3199	3206	0	
6309	2	-5538	3201	3206	0	
6359	2	-5538	-15740	3206	0	
6379	3	-5538	3206	3206	0	
6399	4	-5538	3208	3206	0	
6417	5	-5538	3209	3206	0	
6435	5	-5538	3209	3206	0	
6454	5	-5538	3209	3206	0	
6476	5	-5538	3210	3206	0	
6493	5	-5538	3212	3206	0	
6510	5	-5538	3213	3206	0	
6530	5	-5538	3214	3206	0	
6549	5	-5538	3216	3206	0	
6570	5	-5538	3218	3206	0	
6587	5	-5538	3219	3206	0	
6608	5	-5538	3220	3206	0	
6627	5	-5538	3221	3206	0	
6645	5	-5538	3221	3206	0	
6667	5	-5538	3222	3206	0	
6687	5	-5538	3224	3206	0	
6706	5	-5538	3225	3206	0	
6723	5	-5538	3225	3206	0	
6744	5	-5538	3226	3206	0	
6764	5	-5538	3227	3206	0	
6786	5	-15778	3229	3206	0	
6803	5	-5538	3229	3206	0	
6823	5	-5538	3230	3206	0	
6843	5	-5538	3230	3206	0	
6862	5	-5538	3230	3206	0	
6883	5	-5538	3230	3206	0	
6900	5	-5538	3230	3206	0	
6921	5	-5538	3230	3206	0	
6938	5	-5538	3230	3206	0	
6958	5	-5538	3230	3206	0	
6979	5	-5538	3230	3206	0	
6999	5	-5538	3230	3206	0	
7017	5	-5538	3230	3206	0	
7037	5	-5538	3230	3206	0	
7055	5	-5538	3230	3206	0	
7073	5	-5538	3230	3206	0	
7092	5	-5538	3230	3206	0	
7112	5	-5538	3230	3206	0	
7130	5	-5538	3230	3206	0	
7147	5	-5538	3230	3206	0	
7169	5	-5538	3231	3206	0	
7188	5	-5538	3231	3206	0	
7209	5	-5538	3231	3206	0	
7230	5	-5538	3232	3206	0	
7251	5	-5538	3232	3206	0	
7273	5	-5538	3232	3206	0	
7290	5	-5538	3232	3073	0	
7312	5	-5538	3232	3206	0	
7334	5	-5538	3232	3206	0	
7351	5	-5538	3233	3206	0	
7371	5	-5538	3233	3206	0	
7391	5	-5538	3235	3206	0	
7407	5	-5538	3236	3206	0	
7427	5	-5538	3237	3206	0	
7449	5	-5538	3238	3206	0	
7467	5	-5538	3240	3206	0	
7489	5	-5538	3241	3206	0	
7507	5	-5538	3242	3206	0	
7526	5	-5538	3243	3206	0	
7543	5	-5631	3243	3206	0	
7561	5	-5538	3243	3206	0	
7582	5	-5538	3243	3206	0	
7604	5	-5538	3244	3206	0	
7623	5	-5538	3245	3206	0	
7643	5	-5538	3245	3206	0	
7660	5	-5538	3246	3206	0	
7679	5	-5538	3247	3206	0	
7700	5	-5538	3248	3206	-15872	
-15835	5	-5538	3248	3206	0	
7737	5	-5538	3248	3206	0	
7754	5	-5538	3248	3206	0	
7776	5	-5538	3248	3206	0	
7793	5	-5538	3248	3206	0	
7813	5	-5538	3249	3206	0	
7832	5	-5538	3249	3206	0	
7851	5	-5538	3249	3206	0	
7869	5	-5538	3249	3206	0	
7889	5	-5538	3250	3206	0	
7911	5	-5538	3253	3206	0	
7930	5	-5538	3253	3206	0	
7950	5	-5538	3253	3206	0	
7969	5	-5538	3253	3206	0	
7986	5	-5538	3253	3206	0	
8005	5	-5538	3253	3206	0	
8021	5	-5538	3254	3206	0	
8039	5	-5538	3254	3206	0	
8061	5	-5538	3254	3206	0	
8078	5	-5538	3254	3206	0	
8100	5	-5538	3254	3206	0	
8121	5	-5538	3254	3206	0	
8141	5	-5538	3254	3206	0	
8158	5	-5538	3254	3206	0	
8175	5	-5538	3254	3206	0	
8191	5	-5538	3254	3206	0	
8211	5	-5538	3254	3206	0	
8229	5	-5538	3254	3206	0	
8251	5	-5538	3254	3206	0	
8269	5	-5538	3254	3206	0	
8290	5	-5538	3254	3206	0	
8309	5	-5538	3254	3206	0	
8325	5	-5538	3254	3206	0	
8344	5	-5538	3255	3206	0	
8361	5	-5538	3256	3206	0	
8384	5	-5538	3258	3206	0	
8405	5	-5538	3261	3206	0	
8425	5	-5538	3262	3206	0	
8443	5	-5538	3264	3206	0	
8460	5	-5538	3265	3206	0	
8481	5	-5538	3265	3206	0	
8501	5	-5538	3265	3206	0	
8519	5	-5538	3265	3206	0	
8541	5	-5538	3265	3206	0	
8563	5	-5538	3265	3206	0	
8585	5	-5538	3265	3206	0	
8603	5	-5538	3265	3206	0	
8621	5	-5538	3265	3206	0	
8641	5	-5538	3265	3206	0	
8675	5	-5538	3265	3206	0	
8697	5	-5538	3265	3206	0	
8720	5	-5538	3265	3206	0	
8742	5	-5538	3265	3206	0	
8759	5	-5542	3265	3206	0	
8780	5	-5547	3265	3206	0	
8797	5	-5554	3265	3206	0	
8813	5	-5560	3265	3206	0	
8831	5	-5567	3265	3206	0	
8854	5	-5577	3265	3206	0	
8871	5	-5582	3265	3206	0	
-15682	5	-5590	3265	3206	0	
8913	5	-5596	3265	3206	0	
8929	5	-5600	3265	3206	1	
8946	5	-5606	3265	3206	0	
8967	5	-5612	3265	3206	0	
8989	5	-5618	3265	3206	0	
9009	5	-5622	3266	3206	0	
9029	5	-5626	3266	3206	0	
9051	5	-5632	3266	3206	0	
9070	5	-5637	3266	3206	0	
9090	5	-5643	3268	3206	0	
9111	5	-5648	3269	3206	0	
9130	5	-5653	3270	3206	-15872	
9149	5	-5656	3272	3206	0	
9172	5	-5656	3274	3206	0	
9192	5	-5657	3276	3206	0	
9210	5	-5658	3277	3206	0	
9224	5	-5661	3278	3206	0	
9241	5	-5665	3278	3206	0	
9256	5	-5668	3278	3206	0	
9275	5	-5673	3279	3206	0	
9294	5	-5677	3280	3206	0	
9314	5	-5682	3282	3206	0	
9336	5	-5687	3284	3206	0	
9358	5	-5691	3286	3206	0	
9379	5	-5694	3287	3206	0	
9398	5	-5694	3288	3206	0	
9415	5	-5696	3290	3206	0	
9435	5	-5699	3293	3206	0	
9457	5	-5702	3297	3206	0	
9479	5	-5708	3300	3206	0	
9497	5	-5712	3303	3206	0	
9515	6	-5716	3305	3206	0	
9535	7	-5722	3308	3206	0	
9552	8	-5726	3311	3206	0	
9568	9	-5731	3312	3206	0	
9585	12	-5734	3315	3206	-15872	
9607	17	-5736	3318	3206	0	
9625	20	-5739	3321	3206	0	
9646	23	-5744	3324	3206	0	
9667	27	-5750	3330	3206	0	
9684	31	-5756	3338	3206	1	
9705	34	-5762	3350	3206	1	
9721	37	-5770	3359	3206	-15871	
9740	41	-5775	3369	3206	1	
9763	44	-5782	3379	3207	1	
9779	46	-5787	3384	3073	1	
9799	49	-5794	3390	3213	1	
9818	53	-5800	3395	3215	1	
9834	54	-5806	3400	3217	1	
9853	57	-5812	3404	3218	1	
9870	60	-5818	3408	3220	1	
9891	62	-5823	3412	3223	1	
9913	64	-5830	3416	3226	1	
9934	65	-5838	3420	3229	1	
9952	65	-5844	3423	3231	1	
9973	67	-5850	3426	3235	1	
9993	69	-5856	3429	3238	1	
10010	72	-5860	3432	3240	1	
10032	74	-5866	3434	3243	1	
10054	77	-5871	3436	3245	1	
10075	81	-5876	3438	3247	1	
10097	84	-5882	3440	3249	1	
10117	87	-5888	3442	3251	1	
10136	90	-5892	3329	3252	1	
10152	93	-5893	3445	3254	1	
10172	97	-5898	3447	3255	1	
10194	101	-5903	3449	3257	1	
10215	104	-5910	3450	3257	1	
10237	107	-5914	3452	3257	1	
10257	111	-5921	-15746	3258	1	
10275	114	-5926	3455	3259	1	
10293	117	-5930	3456	3260	1	
10310	121	-5930	3456	3261	1	
10327	123	-5933	3456	3262	1	
10349	126	-5936	3456	3263	1	
10368	129	-5939	3456	3264	1	
10385	132	-5943	3456	3265	1	
10408	135	-5949	3456	3266	1	
10427	138	-5954	3456	3267	1	
10443	141	-5958	3456	3267	1	
10464	144	-5962	3456	3267	1	
10483	146	-5967	3456	3267	1	
10504	149	-5970	3456	3267	1	
10524	153	-5970	3456	3267	1	
10543	156	-5970	3456	3267	1	
10563	159	-5972	3456	3267	1	
10580	161	-5974	3456	3267	1	
10597	165	-5978	3456	3267	1	
10617	167	-5982	3456	3267	1	
10635	169	-5986	3456	3267	-15871	
10652	171	-5990	3456	3073	1	
10670	174	-5992	3456	3267	1	
10691	177	-5996	3456	3267	1	
10712	179	-6001	3456	3267	1	
10732	183	-6005	3456	3267	1	
-15619	185	-6007	3456	3267	1	
10766	188	-6008	3456	3267	1	
10789	191	-6008	3456	3267	1	
10812	195	-6008	3456	3267	1	
10830	197	-6008	3456	3267	1	
10853	199	-6008	3456	3267	1	
10875	200	-6008	3456	3267	1	
10892	201	-6008	3456	3267	1	
10913	202	-6008	3456	3267	1	
10933	203	-6008	3456	3267	1	
10954	205	-6008	3456	3267	1	
10974	207	-6008	3456	3267	1	
10996	209	-6008	3456	3267	1	
11019	211	-6008	-31104	3267	1	
11042	211	-6008	3455	3267	1	
11064	212	-6008	3456	3267	1	
11083	214	-6008	3456	3267	1	
11105	216	-6008	3456	3267	1	
11125	219	-6008	3456	3267	1	
11147	220	-6008	3456	3267	1	
11167	221	-6008	3456	3267	1	
11187	221	-6008	3456	3267	1	
11205	221	-6008	3456	3267	1	
11222	221	-6008	3456	3267	1	
11244	221	-6008	3456	3267	1	
11263	221	-6008	3456	3267	1	
11279	221	-6008	3456	3267	1	
11300	221	-6008	3456	3267	1	
11323	221	-6008	3456	3267	1	
11341	221	-6008	3456	3267	1	
11362	221	-6008	3456	3267	1	
11380	221	-6008	3456	3267	1	
11397	221	-6008	3456	3267	1	
11414	221	-6008	3456	3267	1	
11434	221	-6008	3456	3267	1	
11453	221	-6008	3456	3267	1	
11472	221	-6008	3456	3267	1	
11490	221	-6008	3456	3267	1	
11508	221	-6008	3456	3267	1	
11527	221	-6008	3456	3267	1	
11549	221	-6008	3456	3267	1	
11568	221	-6008	3456	3267	1	
11590	221	-6008	3456	3267	1	
11611	221	-6008	3456	3267	1	
11634	221	-6008	3329	3267	1	
11655	221	-6008	3456	3267	1	
11673	221	-6008	3456	3267	1	
11690	221	-6008	3456	3267	1	
11709	221	-6008	3456	3267	1	
11727	221	-6008	3456	3267	1	
11749	221	-6008	3456	3267	1	
11773	221	-6008	3456	3267	1	
11796	221	-6008	3456	3267	1	
11816	221	-6008	3456	3267	1	
11835	221	-6008	3456	3267	1	
11855	221	-6008	3456	3267	1	
11874	221	-6008	3456	3267	1	
11897	221	-6008	3456	3267	1	
11914	221	-6008	3456	3267	1	
11933	221	-6008	3456	3267	1	
11951	221	-6008	3456	3267	1	
11974	221	-6008	3456	3267	1	
11991	221	-6008	3456	3267	1	
12012	221	-6008	3456	3267	1	
12034	1	-6008	3456	3267	1	
12053	221	-6008	3456	3267	1	
12076	221	-6008	3456	3267	1	
12094	221	-6143	3456	3267	1	
12115	221	-6008	3456	3073	1	
12132	221	-6008	3456	3267	1	
12154	221	-6008	3456	3267	1	
12173	221	-6008	3456	3267	1	
12191	221	-6008	3456	3267	1	
12212	221	-6143	3456	3267	1	
12234	221	-6008	3456	3267	1	
12256	221	-6008	3456	3267	1	
12279	221	-6008	3456	3267	1	
12296	221	-6008	3456	3267	1	
12315	221	-6008	3456	3267	1	
12333	221	-6008	3456	3267	1	
12354	221	-6008	3456	3267	1	
12374	221	-6008	3456	3267	1	
12394	221	-6008	3456	3267	1	
12417	221	-6008	3456	3267	1	
12437	221	-6008	3456	3267	1	
12460	221	-6008	3456	3267	1	
12491	221	-6008	3457	3267	1	
12519	221	-6008	3459	3267	1	
12551	221	-6008	3461	3267	1	
12579	221	-6008	3461	3267	1	
12611	221	-6008	3461	3267	1	
12636	221	-6008	3461	3267	1	
12668	221	-6008	3461	3267	1	
12699	221	-6008	3461	3267	1	
12730	221	-6008	3461	3267	1	
12763	221	-6008	3461	3267	1	
12791	221	-6008	3461	3267	1	
12819	221	-6008	3461	3267	1	
12847	221	-6008	3461	3267	1	
12876	221	-6008	3461	3267	1	
12898	221	-6008	3461	3267	1	
12920	221	-6008	3461	3267	1	
12944	221	-6008	3461	3267	1	
12967	221	-6008	3461	3267	1	
12988	221	-6008	3462	3267	1	
13006	221	-6008	3462	3267	1	
13025	221	-6008	3462	3267	1	
13043	221	-6008	3462	3267	1	
13062	221	-6008	3462	3267	1	
13085	221	-6008	3463	3267	1	
13108	1	-6008	3463	3267	1	
13126	221	-6008	3464	3267	1	
13144	221	-6008	3464	3267	1	
13161	221	-6008	3464	3267	1	
13182	221	-6008	3464	3267	1	
13204	221	-6008	3464	3267	1	
13224	-15651	-6008	3464	3267	1	
13248	221	-6008	3464	3267	1	
13269	221	-6008	3465	3267	1	
13289	221	-6008	3465	3267	1	
13308	221	-15736	3465	3267	1	
13325	221	-6008	3465	3267	1	
13347	221	-6008	3465	3267	1	
13370	221	-6008	3465	3267	-15871	
13389	221	-6008	3465	3267	1	
13407	221	-6008	3465	3267	1	
13429	221	-6008	3465	3267	1	
13450	221	-6008	3465	3267	1	
13469	221	-6008	3465	3267	1	
13489	221	-6008	3465	3267	1	
13506	221	-6008	3465	3267	1	
13530	221	-6008	3465	3267	1	
13553	221	-6008	3465	3267	1	
13576	221	-6008	3465	3267	1	
13596	221	-6008	3465	3267	1	
13613	221	-6008	3465	3267	1	
13632	221	-6008	3465	3267	1	
13652	221	-6008	3465	3267	1	
13669	221	-6008	3465	3267	1	
13693	221	-6008	3465	3267	1	
13716	221	-6008	3465	3267	1	
13737	221	-6008	3465	3267	1	
13758	221	-6008	3465	3267	1	
13780	221	-6008	3465	3267	1	
13797	221	-6008	3465	3267	1	
13817	221	-6008	3465	3267	1	
13837	221	-6008	3465	3267	1	
13857	221	-6008	3465	3267	1	
13876	221	-6008	3465	3267	1	
13894	221	-6008	3465	3073	1	
13913	221	-6008	3465	3267	1	
13934	221	-6008	3465	3267	1	
13952	221	-6008	3465	3267	1	
13975	221	-6008	3465	3267	1	
13993	221	-6008	3465	3267	1	
14012	221	-6008	3465	3267	1	
14033	221	-6008	3465	3267	1	
14053	221	-6008	3465	3267	1	
14072	221	-6008	3465	3267	1	
14094	221	-6008	3465	3267	1	
14114	221	-6008	3465	3267	1	
14135	221	-6008	3465	3267	1	
14157	221	-6008	3465	3267	1	
14179	221	-6008	3465	3267	1	
14201	221	-6008	3465	3267	1	
14222	221	-6008	3465	3267	1	
14243	221	-6008	3465	3267	1	
14263	221	-6008	3465	3267	1	
14286	221	-6008	3465	3267	1	
14310	221	-6008	3465	3267	1	
14329	221	-6008	3465	3267	1	
14351	221	-6008	3465	3267	1	
14370	221	-6008	3465	3267	1	
14390	221	-6008	3465	3267	1	
14411	221	-6008	3465	3267	1	
14434	221	-6008	3465	3267	1	
14453	221	-6008	3465	3267	1	
14475	221	-6008	3465	3267	1	
14498	221	-6008	3465	3267	1	
14515	221	-6008	3465	3267	1	
14532	221	-6008	3465	3267	1	
14551	221	-6008	3465	3267	1	
14569	221	-6008	3465	3267	1	
14592	221	-6008	3465	3267	1	
14614	221	-6008	3465	3267	1	
14637	221	-6008	3465	3267	1	
14659	221	-6008	3465	3267	1	
14678	221	-6008	3465	3267	1	
14698	221	-6008	3465	3267	1	
14715	221	-6008	3465	3267	1	
14734	221	-6008	3465	3267	1	
14755	221	-6008	3465	3267	1	
14775	221	-6008	3465	3267	1	
14793	221	-6008	3465	3267	1	
14808	221	-6008	3465	3267	1	
14827	221	-6008	3465	3267	1	
14849	221	-6008	3465	3267	1	
14869	221	-6008	3465	3267	1	
14890	221	-6008	3465	3267	1	
14910	221	-6008	3465	3267	1	
14930	221	-6008	3465	3267	1	
14953	221	-6008	3465	3267	1	
14975	221	-6008	3465	3267	1	
14993	221	-6008	3465	3267	1	
15014	221	-6008	3465	3267	1	
15033	221	-6008	3465	-15677	1	
15053	221	-6008	3465	3267	1	
15072	221	-6008	3465	3267	1	
15091	221	-6143	3465	3267	1	
15109	221	-6008	3465	3267	1	
15130	221	-6008	3465	3267	1	
15151	221	-6008	3465	3267	1	
15173	221	-6008	3465	3267	1	
15196	221	-6008	3465	3267	1	
15215	221	-6008	3465	3267	1	
15236	221	-6008	3465	3267	1	
15254	221	-6008	3465	3267	1	
15274	221	-6008	3465	3267	1	
15296	221	-6008	3465	3267	1	
15315	221	-6008	3465	3267	1	
15332	221	-6008	3465	3267	1	
15350	221	-6008	3465	3267	1	
15372	221	-6008	3465	3073	1	
15389	221	-6008	3465	3267	1	
15409	221	-6008	3465	3267	1	
15428	221	-6008	3465	3267	1	
15449	221	-6008	3465	3267	1	
15468	221	-6008	3465	3267	1	
15490	221	-6008	3465	3267	1	
15509	221	-6008	3465	3267	1	
15533	221	-6008	3465	3267	1	
15556	221	-6008	3465	3267	1	
15573	221	-6008	3465	3267	1	
15593	221	-6008	3465	3267	1	
15614	221	-6008	3465	3267	1	
15635	221	-6008	3465	3267	1	
15653	221	-6008	3465	3267	1	
15677	221	-6008	3465	3267	1	
15694	221	-6008	3465	3267	1	
15712	221	-6008	3465	3267	1	
15731	-15651	-6008	3465	3267	1	
15753	221	-6008	3465	3267	1	
15771	221	-6008	3465	3267	1	
15791	221	-6008	3465	3267	1	
15813	221	-6008	3465	3267	1	
15835	221	-6008	3465	3267	1	
15858	221	-6008	3465	3267	1	
15880	221	-6008	3329	3267	1	
15901	221	-6008	3465	3267	1	
15920	221	-6008	3465	3267	1	
15940	221	-6008	3465	3267	1	
15959	221	-6008	3465	3267	1	
15979	221	-6008	3465	3267	1	
16000	221	-6008	3465	3267	1	
16022	221	-6008	3465	3267	1	
16041	221	-6008	3465	3267	1	
16060	221	-6008	3465	3267	1	
16081	221	-6008	3465	3267	1	
16099	221	-6008	3465	3267	1	
16118	221	-6008	3465	3267	1	
16138	221	-6008	3465	3267	1	
16159	221	-6008	3465	3267	1	
16177	221	-6008	3465	3267	1	
16196	221	-6008	3465	3267	1	
16217	221	-6008	3465	3267	1	
16239	221	-6008	3465	3267	1	
16259	221	-6008	3465	3267	1	
16281	-15651	-6008	3465	3267	1	
16303	221	-6008	3465	3267	1	
16323	221	-6008	3465	3267	1	
16343	221	-6008	3465	3267	1	
16360	221	-6008	3465	3267	1	
16382	221	-6008	3465	3267	1	
16403	221	-6008	3465	3267	1	
16422	-15651	-6008	3465	3267	1	
16445	221	-6008	3329	3267	1	
16465	221	-6008	3465	3267	1	
16485	221	-6008	3465	3267	1	
16504	221	-6008	3465	3267	1	
16526	221	-6008	3465	3267	1	
16547	221	-6008	3465	3267	1	
16569	221	-6008	3465	3267	1	
16589	221	-6008	3465	3267	1	
16607	221	-6008	3465	3267	1	
16629	221	-6008	3465	3267	1	
16647	221	-6008	3465	3267	1	
16669	221	-6008	3465	3267	1	
16687	221	-6008	3465	3267	1	
16708	221	-6008	3465	3267	1	
16727	221	-6008	3465	3267	1	
16750	221	-6008	3465	3267	1	
16773	221	-6008	3465	3267	1	
16793	221	-6008	3465	3267	1	
16814	221	-6008	3465	3267	1	
16831	221	-6008	3465	3267	1	
16853	221	-6008	3465	3267	1	
16873	221	-6008	3465	3267	1	
16895	221	-6008	3465	3267	1	
16914	221	-6008	3465	3267	1	
16933	221	-6008	3465	3267	1	
16952	221	-6008	3465	3267	1	
16970	221	-6008	3465	3267	1	
16988	221	-6008	3465	3267	1	
17010	221	-6008	3465	3267	1	
17035	221	-6008	3465	3267	1	
17052	221	-6008	3465	3267	1	
17075	221	-6008	3465	3267	1	
17097	221	-6008	3465	3267	1	
17115	221	-6008	3465	3267	1	
17135	221	-6008	3465	3267	1	
17155	221	-6008	3465	3267	1	
17179	221	-6008	3465	3267	1	
17201	221	-6008	3465	3267	1	
17219	221	-6008	3465	3267	1	
17241	221	-6008	3465	3267	1	
17259	221	-6008	3465	3267	1	
17275	221	-6008	3465	3267	1	
17297	221	-6008	3465	3267	1	
17320	221	-6008	3465	3267	1	
17342	221	-6008	3465	3267	1	
17363	221	-6008	3465	3267	1	
17385	221	-6008	3465	3267	1	
17404	221	-6008	3465	3267	1	
17423	221	-6008	3465	3267	1	
17443	221	-6008	3465	3267	1	
17462	221	-6008	3465	3267	1	
17481	221	-6008	3465	3267	1	
17502	221	-6008	3465	3267	1	
17523	221	-6008	3465	3267	1	
17545	221	-6008	3465	3267	1	
17562	221	-6008	3465	3267	1	
17579	221	-6008	3465	3267	1	
17600	221	-6008	3465	3267	1	
17623	221	-6008	3465	3267	1	
17645	221	-6008	3465	3267	1	
17663	221	-6008	3465	3267	1	
17684	221	-6008	3465	3267	1	
17701	221	-6008	3465	3267	1	
17720	221	-6008	3465	3267	1	
17738	221	-6008	3465	3267	1	
17755	221	-6008	3465	3267	1	
17779	221	-6008	3465	3267	1	
17799	221	-6008	3465	3267	1	
17823	221	-6008	3465	3267	1	
17841	221	-6008	3465	3267	1	
17860	221	-6008	3465	3267	1	
17878	221	-6008	3465	3267	1	
17897	221	-6008	3465	3267	1	
17919	221	-6008	3465	3267	1	
17941	1	-6008	3465	3267	1	
17962	221	-6008	3465	3267	1	
17984	221	-6008	3465	3267	1	
18006	221	-6008	3465	3267	1	
18025	221	-6008	3465	3267	1	
18044	221	-6008	3465	3267	1	
18062	221	-6008	3465	3267	1	
18080	221	-6008	3465	3267	1	
18101	221	-6008	3329	3267	1	
18125	221	-6008	3465	3267	1	
18143	221	-6008	3465	3267	1	
18160	221	-6008	3465	3267	1	
18179	221	-6008	3465	3267	1	
18198	221	-6008	3465	3267	1	
18217	221	-6008	3465	3267	1	
18241	221	-6008	3465	3267	1	
18263	221	-6008	3465	3267	1	
18282	221	-6008	3465	3267	1	
18299	221	-6008	3465	3267	1	
18317	221	-6008	3465	3267	1	
18338	221	-6008	3465	3267	1	
18359	221	-6008	3465	3267	1	
18383	221	-6008	3465	3267	1	
18403	221	-6008	3465	3267	1	
18425	221	-6008	3465	3267	1	
18447	221	-6008	3465	3267	1	
18467	221	-6008	3465	3267	1	
18487	221	-6008	3465	3267	1	
18508	221	-6008	3465	3267	1	
18526	221	-6008	3465	3267	1	
18549	221	-6008	3465	3267	1	
18570	221	-6008	3465	3267	1	
18593	221	-6008	3465	3267	1	
18615	221	-6008	3465	3267	1	
18636	221	-6008	3465	3267	1	
18657	221	-6008	3465	3267	1	
18679	221	-6008	3465	3267	1	
18703	221	-6008	3465	3267	1	
18726	221	-6008	3465	3267	1	
18745	221	-6008	3465	3267	1	
18766	221	-6008	3465	3267	1	
18783	221	-6008	3465	3267	1	
18805	221	-6008	3465	3267	1	
18825	221	-6008	3465	3267	1	
18844	221	-6008	3465	3267	1	
18863	221	-6008	3465	3267	1	
18885	221	-6008	3465	3267	1	
18903	221	-6008	3465	3267	1	
18922	221	-6008	3465	3267	1	
18942	221	-6008	3465	3267	1	
18959	221	-6008	3465	3267	1	
18976	221	-6008	3465	3267	1	
18998	221	-6008	3465	3267	1	
19017	221	-6008	3465	3267	1	
19038	221	-6008	3465	3267	1	
19056	-15651	-6008	3465	3267	1	
19075	221	-6008	3465	3267	1	
19096	221	-6008	3465	3267	1	
19115	221	-6008	3465	3267	1	
19138	221	-6008	3465	3267	1	
19162	221	-6008	3465	3267	1	
19184	221	-6008	3465	3267	1	
19207	221	-6008	3465	3267	1	
19224	221	-6008	3465	3267	1	
19239	221	-6008	3465	3267	1	
19259	221	-6008	3465	3267	1	
19281	221	-6008	3465	3267	1	
19302	221	-6008	3465	3267	1	
19325	221	-6008	3465	3267	1	
19344	221	-6008	3465	3267	1	
19365	-15651	-6008	3465	3267	1	
19382	221	-6008	3465	3267	1	
19404	221	-6008	3465	3267	1	
19421	221	-6008	3465	3267	1	
19441	221	-6008	3465	3267	1	
19464	221	-6008	3465	3267	1	
19486	221	-6008	3465	3267	1	
19509	221	-6008	3465	3267	1	
19528	221	-6008	3465	3267	1	
19549	221	-6008	3465	3267	1	
19571	221	-6008	3465	3267	1	
19593	221	-6008	3465	3267	1	
19617	221	-6008	3465	3267	1	
19641	221	-6008	3465	3267	1	
19658	221	-6008	3465	3267	1	
19676	221	-6008	3465	3267	1	
19697	221	-6008	3465	3267	1	
19714	221	-6008	3465	3267	1	
19737	221	-6008	3465	3267	1	
19761	221	-6008	3465	3267	1	
19781	221	-6008	3465	3267	1	
19801	221	-6008	3465	3267	1	
19821	221	-6008	3465	3267	1	
19841	221	-6008	3465	3267	1	
19862	221	-6008	3465	3267	1	
19879	221	-6008	3465	3267	1	
19902	221	-6008	3465	3267	1	
19924	221	-6008	3465	3267	1	
19945	221	-6008	3465	3267	1	
19965	221	-6008	3465	3267	1	
19982	221	-6008	3465	3267	1	
20003	221	-6008	3465	3267	1	
20025	221	-6008	3465	3267	1	
20045	221	-6008	3465	3267	1	
20067	221	-6008	3465	3267	1	
20087	221	-6008	3465	3267	1	
20108	221	-6008	3465	3267	1	
20127	221	-6008	3465	3267	1	
